10000 37 887 1287
20000 74 1377 2214
30000 111 2925 4130
40000 148 2931 15229
50000 185 3606 25302
60000 222 4819 6440
70000 259 5164 13086
80000 296 5539 9310
90000 341 6289 30152
100000 378 8530 15993
110000 408 8185 17712
120000 454 10341 40793
130000 490 10805 14086
140000 528 11376 15495
150000 550 9695 21731
160000 596 15104 34950
170000 633 12982 44689
180000 659 12603 18624
190000 715 17735 109030
200000 755 14924 21744
210000 789 20531 51338
220000 827 16962 55698
230000 863 18237 44484
240000 912 21971 36528
250000 929 19566 54795
260000 965 16389 115501
270000 1005 24153 41648
280000 1041 20321 30493
290000 1144 26522 85363
300000 1188 26969 39652
310000 1156 23596 40822
320000 1197 27987 46990
330000 1219 24891 49477
340000 1260 24449 37756
350000 1294 25495 90892
360000 1336 22266 100280
370000 1375 28176 52880
380000 1422 35521 50437
390000 1458 25205 57669
400000 1493 34793 43575
410000 1550 28568 46259
420000 1627 32505 48206
430000 1634 27448 140948
440000 1765 36625 48197
450000 1686 28336 50825
460000 1739 39386 49289
470000 1768 28839 73230
480000 1884 39399 51838
490000 1883 37050 56340
500000 1989 34573 107185
510000 1978 44312 77138
520000 2022 44722 56620
530000 2090 37096 105260
540000 2133 41797 61502
550000 2131 39929 59583
560000 2280 39984 62883
570000 2222 42167 63857
580000 2307 49149 63573
590000 2381 52646 65385
600000 2372 37162 69166
610000 2467 52125 67028
620000 2526 38442 69816
630000 2581 46925 148621
640000 2623 45008 149957
650000 2692 41148 101965
660000 2738 40846 73888
670000 2798 41956 199303
680000 2871 49911 137334
690000 2946 62382 78062
700000 2948 47212 125730
710000 3018 43996 115901
720000 3066 54544 78526
730000 3150 55664 96755
740000 3234 54588 209411
750000 3295 69405 124077
760000 3299 70084 85809
770000 3380 66580 87439
780000 3515 48023 209373
790000 3468 49418 148828
800000 3535 59249 92427
810000 3659 56086 275537
820000 3838 72288 110031
830000 3788 57061 145198
840000 3774 62169 94039
850000 3819 63606 93416
860000 3907 78857 96017
870000 4018 63466 99330
880000 4067 66246 168909
890000 4093 55212 100004
900000 4125 73103 191648
910000 4169 74975 165733
920000 4270 87191 104528
930000 4348 67782 246182
940000 4420 79584 105683
950000 4387 79914 175079
960000 4530 83194 109964
970000 4561 74849 108570
980000 4597 92697 114459
990000 4592 74220 187701
1000000 4706 74738 111785
1010000 4712 69072 114663
1020000 4749 68788 111911
1030000 4852 68849 237720
1040000 4923 72088 376342
1050000 4917 72726 120295
1060000 4969 96873 123002
1070000 5071 83366 247335
1080000 5118 80397 329971
1090000 5121 88937 122945
1100000 5221 81185 249071
1110000 5214 85560 180615
1120000 5240 82508 128318
1130000 5383 97756 124297
1140000 5350 81196 187875
1150000 5352 84011 197574
1160000 5446 72052 267716
1170000 5461 87178 132066
1180000 5514 81962 134678
1190000 5645 82518 239434
1200000 5613 86945 165678
1210000 5654 84775 134683
1220000 5698 111780 268394
1230000 5772 100572 334431
1240000 5887 78891 169058
1250000 5877 120343 142961
1260000 5878 107358 311007
1270000 6043 91958 139351
1280000 5947 90943 237826
1290000 6023 106454 147528
1300000 6386 95815 260100
1310000 6115 121237 681561
1320000 6277 101543 239506
1330000 6155 85295 340701
1340000 6327 106893 227336
1350000 6440 97782 153946
1360000 6493 84904 156281
1370000 6376 112149 208362
1380000 6473 86124 157059
1390000 6507 96409 465055
1400000 6545 118708 302141
1410000 6666 135915 328323
1420000 6728 99536 159357
1430000 6644 103890 163861
1440000 6778 106998 159819
1450000 6951 108514 165379
1460000 6857 105752 166522
1470000 7013 104390 167992
1480000 6983 140081 168065
1490000 6975 107624 313523
1500000 7004 122495 172225
1510000 6996 100047 174795
1520000 7292 139720 171169
1530000 7265 95420 173138
1540000 7216 113464 347884
1550000 7250 101094 315768
1560000 7346 112674 350146
1570000 7333 113969 379722
1580000 7424 107250 301406
1590000 7500 132964 184170
1600000 7590 119915 296327
1610000 7548 111862 181790
1620000 7577 134094 182831
1630000 7643 141696 184185
1640000 7653 119369 189982
1650000 7724 115648 188260
1660000 7746 103628 189667
1670000 7863 102644 787583
1680000 7959 121206 308048
1690000 7938 103677 689215
1700000 7976 143592 348023
1710000 7976 115478 264078
1720000 8077 134423 532286
1730000 8208 108061 389738
1740000 8112 145542 683591
1750000 8243 119978 195530
1760000 8230 122432 552033
1770000 8386 140223 202614
1780000 8243 120344 201507
1790000 8327 119728 289622
1800000 8438 122767 203859
1810000 8419 140680 235329
1820000 8560 129809 340316
1830000 8486 142169 327608
1840000 8639 117051 393052
1850000 8627 172711 336151
1860000 8544 113200 465878
1870000 8695 172130 212642
1880000 8735 146176 214253
1890000 8848 116499 214283
1900000 8807 117057 565189
1910000 8898 137072 477912
1920000 8914 142533 473870
1930000 9018 167214 221050
1940000 9126 142877 223485
1950000 9093 136265 224167
1960000 9404 151253 223979
1970000 9217 120491 222509
1980000 9224 123535 225590
1990000 9261 146642 227199
2000000 9359 138130 349267
