10000 41 700 2820
20000 82 1183 5340
30000 124 1686 7377
40000 166 2098 9836
50000 246 2704 12077
60000 399 3082 14845
70000 322 3758 17682
80000 411 4230 18794
90000 469 4871 23171
100000 531 5315 24965
110000 943 5945 27805
120000 719 6435 27768
130000 942 6778 23054
140000 1001 7667 33036
150000 2535 7730 38134
160000 1873 8492 37577
170000 1463 8991 41222
180000 2301 9504 44533
190000 1941 9720 42623
200000 3490 10428 42432
210000 2243 10935 45034
220000 2443 11197 51906
230000 2593 12175 54141
240000 3657 14618 53477
250000 2666 12702 59979
260000 2992 13375 63200
270000 3334 14395 65653
280000 3645 14835 66163
290000 3357 15061 67661
300000 3580 15371 71530
310000 3439 15694 70743
320000 4434 16449 81254
330000 3687 16797 78433
340000 4035 17254 73007
350000 4135 17799 85552
360000 4822 18314 84283
370000 4339 18990 92536
380000 4627 19119 90928
390000 4774 19561 100803
400000 4612 21083 64678
410000 4844 20982 103176
420000 6645 20878 96754
430000 5377 21972 100975
440000 5814 22389 94742
450000 5356 22815 112833
460000 5350 23474 110027
470000 6014 23646 99946
480000 5624 24313 130036
490000 5663 25265 117784
500000 5442 25345 125710
510000 5952 25495 121081
520000 6383 26177 117459
530000 6710 26681 122153
540000 6560 26897 130944
550000 6203 27913 138537
560000 6330 28021 126645
570000 7434 29184 130551
580000 6899 29111 136729
590000 7264 29851 142438
600000 7059 30041 147966
610000 7577 30480 156315
620000 7549 31501 146982
630000 6936 31448 148560
640000 7227 32569 150635
650000 7805 32362 128434
660000 7871 33421 156866
670000 8055 33469 171704
680000 7644 34789 169392
690000 8657 34770 172059
700000 7751 35630 177797
710000 8367 35368 166520
720000 10530 35726 177450
730000 8446 36758 177334
740000 8821 36695 183893
750000 8762 37612 189132
760000 8871 37551 182916
770000 8570 38397 193949
780000 9063 39409 191059
790000 8717 39156 193373
800000 9008 40054 203914
810000 9517 41136 199710
820000 9506 41349 232842
830000 11156 41986 176502
840000 10043 42451 206726
850000 9786 42718 208170
860000 9987 42823 225925
870000 9665 43428 212989
880000 9798 43862 212467
890000 10584 44598 223469
900000 10236 44803 216296
910000 10261 45597 222622
920000 10472 47324 159599
930000 10512 47147 233537
940000 11811 48785 287708
950000 15373 48937 201974
960000 14870 48338 249290
970000 10627 48142 219597
980000 11089 48399 228217
990000 11553 49864 249967
1000000 11297 50193 248648
1010000 13474 50241 231183
1020000 12008 51585 236844
1030000 11604 51549 243297
1040000 11875 51405 241177
1050000 12159 54248 261675
1060000 12096 53090 263486
1070000 12239 53799 248588
1080000 11913 53995 277700
1090000 16088 54604 270617
1100000 12006 55544 268286
1110000 12632 58360 268216
1120000 12879 55671 263736
1130000 12764 55866 278934
1140000 12769 56978 260757
1150000 12986 57903 288831
1160000 13286 58189 288605
1170000 13374 59003 168544
1180000 13303 58790 281339
1190000 13689 59613 276838
1200000 13652 59688 315945
1210000 13761 60540 297076
1220000 13655 61221 297391
1230000 13817 61546 291072
1240000 13712 63621 312225
1250000 14163 62200 319538
1260000 15446 63523 290637
1270000 13991 63603 335845
1280000 14952 64469 331875
1290000 16184 64329 321582
1300000 14613 64820 318222
1310000 14412 65023 294123
1320000 15209 65318 293261
1330000 14700 66116 323822
1340000 15137 66305 308088
1350000 14901 66805 316580
1360000 15176 68132 326017
1370000 15761 68231 317012
1380000 16099 71166 319679
1390000 15681 68876 338304
1400000 16546 68513 251527
1410000 15607 71608 360050
1420000 15778 70240 289259
1430000 16904 70859 298901
1440000 16115 71812 330196
1450000 17101 72909 339948
1460000 16226 73762 372949
1470000 16232 72752 376535
1480000 16404 73927 342347
1490000 17333 73966 378532
1500000 16976 74283 376278
1510000 16814 76817 376827
1520000 16615 74345 321749
1530000 16975 75972 402141
1540000 17291 76555 352201
1550000 17643 75935 358251
1560000 17261 77122 378247
1570000 17428 78697 376597
1580000 18183 78143 404667
1590000 17686 78809 385708
1600000 18055 77980 392745
1610000 17495 80768 385856
1620000 17926 80168 398969
1630000 18078 81429 394548
1640000 18313 82526 424369
1650000 19108 81898 411190
1660000 18915 81696 385748
1670000 18420 82725 395763
1680000 18459 83236 408585
1690000 23232 84104 393482
1700000 18845 87138 426369
1710000 18651 86114 435031
1720000 19386 86262 414385
1730000 21786 86096 432204
1740000 19591 86246 407529
1750000 21765 99368 418836
1760000 21448 86775 400856
1770000 19929 88550 449841
1780000 19595 89225 388882
1790000 19131 89589 416925
1800000 19486 90585 385827
1810000 20065 91586 430659
1820000 20065 89879 458612
1830000 20158 91459 421938
1840000 20108 91898 455417
1850000 20550 91292 447083
1860000 20384 93429 418444
1870000 22280 94709 479792
1880000 22426 94413 440925
1890000 20619 94775 429576
1900000 25866 96627 404076
1910000 20979 105609 314453
1920000 20986 96000 485666
1930000 21392 96372 519618
1940000 20835 97324 442165
1950000 21194 109428 486042
1960000 24352 98691 410037
1970000 23945 97713 491766
1980000 26237 99712 495495
1990000 22671 104365 414652
2000000 24237 113783 460776
